f 4 0 0 0 13 5 0 0 15 0 0 0 0 0 28 0 0 3 0 4 4 0 0 0 0 0 
g 8 0 0 0 20 0 1 17 4 0 0 4 1 5 14 0 0 15 4 4 2 0 0 0 1 0 
d 15 0 0 7 33 0 4 0 9 0 0 2 2 1 3 0 0 1 4 0 2 0 1 0 1 0 
e 33 1 10 31 9 11 5 0 4 0 3 20 10 79 6 7 1 93 56 20 0 11 3 11 2 0 
b 11 1 0 0 18 0 0 0 2 0 0 5 0 0 13 0 0 6 0 0 11 0 0 0 4 0 
c 43 0 11 0 19 0 0 17 5 0 8 7 0 0 34 0 1 4 5 14 1 0 0 0 0 0 
a 0 5 18 9 0 7 8 0 21 1 3 44 24 127 0 4 2 48 53 64 9 9 0 2 13 0 
n 9 0 8 104 30 2 48 0 15 0 6 3 1 6 30 0 0 0 7 43 3 4 0 0 1 0 
o 1 2 4 20 1 45 0 8 13 0 1 19 34 63 9 16 0 53 7 17 68 6 22 0 3 0 
l 16 0 0 16 36 0 0 0 30 0 0 34 1 0 16 2 0 0 0 1 0 4 3 0 12 0 
m 26 3 10 0 51 0 0 0 10 0 0 0 6 0 14 8 0 1 2 0 1 0 0 0 11 0 
j 0 0 0 0 0 0 0 0 0 0 0 0 0 0 10 0 0 0 0 0 9 0 0 0 0 0 
k 7 0 0 0 10 0 1 0 6 0 0 0 0 6 0 0 0 0 4 0 0 0 0 0 0 0 
h 58 1 0 0 113 0 0 0 47 0 0 1 0 8 30 0 0 3 0 9 3 0 0 0 1 0 
i 6 0 31 21 11 10 17 0 0 0 1 25 4 120 21 5 0 13 59 37 0 8 0 0 0 0 
w 23 0 0 0 21 0 0 21 15 0 0 0 0 3 17 0 0 0 2 0 0 0 0 0 0 0 
v 3 0 0 0 45 0 0 0 8 0 0 0 0 0 6 0 0 0 0 0 0 0 0 0 0 0 
u 7 2 6 3 3 0 9 0 4 0 0 8 0 25 2 6 0 29 27 18 0 0 0 0 0 0 
t 14 1 0 0 44 0 0 158 34 0 0 3 0 0 74 0 0 19 11 6 7 0 2 0 8 0 
s 9 3 2 0 46 0 0 15 19 0 10 1 2 2 16 4 0 0 18 45 7 0 0 0 2 0 
r 22 1 2 5 70 0 5 0 34 0 8 5 13 5 17 1 0 2 14 18 7 13 0 0 18 0 
q 0 0 0 0 0 0 0 0 0 0 0 0 0 0 0 0 0 0 0 0 7 0 0 0 0 0 
p 14 0 0 0 26 0 0 0 4 0 0 9 0 0 12 5 0 25 2 4 4 0 0 0 0 0 
y 0 0 0 0 3 0 0 0 1 0 0 0 0 0 16 0 0 0 4 1 0 0 0 0 0 0 
x 0 0 0 0 1 0 0 0 0 0 0 0 0 0 0 4 0 0 1 7 0 0 0 0 0 0 
