a 0 29 56 41 1 24 29 3 59 1 37 120 105 413 0 11 7 159 118 284 31 40 4 11 46 0
b 20 3 0 0 87 0 0 0 23 0 0 28 0 0 27 0 0 15 8 2 62 0 0 0 19 0
c 195 0 29 0 63 0 0 91 18 0 18 24 0 0 91 0 0 34 7 31 12 0 0 0 9 0
d 28 0 0 8 119 1 8 2 45 0 0 5 5 0 45 0 0 14 18 0 14 1 1 0 10 0
e 134 6 76 107 88 37 10 1 21 0 3 71 40 242 25 38 7 315 219 67 1 35 27 21 32 0
f 30 0 0 0 31 28 3 0 41 0 0 5 0 0 93 0 0 27 1 12 20 0 0 0 0 0
g 23 0 0 0 75 0 3 59 12 0 0 2 4 6 27 0 0 31 3 15 6 0 0 0 6 0
h 287 1 0 0 425 0 0 0 135 0 0 0 0 18 110 0 0 8 1 35 5 0 0 0 5 0
i 13 10 112 53 55 30 48 0 0 0 10 111 35 290 70 14 0 43 184 143 1 35 0 3 0 2
j 2 0 0 0 1 0 0 0 0 0 0 0 0 0 30 0 0 0 0 0 16 0 0 0 0 0
k 1 0 0 0 84 0 0 0 16 0 0 1 0 18 0 0 0 1 5 0 0 0 0 0 0 0
l 45 0 0 56 117 6 0 0 117 0 11 133 0 2 53 6 0 1 21 17 11 5 2 0 27 0
m 67 10 21 0 196 0 0 0 81 0 0 1 10 0 74 17 0 0 11 1 17 0 0 0 30 0
n 32 0 31 265 141 4 129 1 49 0 11 6 10 16 106 0 0 0 70 126 8 8 1 1 15 0
o 6 20 19 20 12 124 15 18 10 1 9 44 134 241 32 33 0 225 44 70 265 36 67 0 2 0
p 46 0 0 0 49 0 0 4 16 0 0 37 2 0 41 9 0 77 11 4 19 0 0 0 2 0
q 1 0 0 0 0 0 0 0 1 0 0 0 0 0 0 0 0 0 0 0 9 0 0 0 0 0
r 82 2 11 35 304 1 14 0 113 0 37 7 12 26 113 5 0 9 80 34 11 10 2 0 46 0
s 39 1 11 0 166 0 1 60 61 0 4 4 10 7 57 23 1 1 43 162 28 0 0 0 1 0
t 81 0 7 0 125 0 1 580 99 0 0 7 3 1 221 0 0 55 47 16 36 0 7 0 28 0
u 9 11 23 13 16 1 23 0 14 0 0 37 5 68 1 21 0 149 93 95 0 0 0 0 1 0
v 4 0 0 0 170 0 0 0 19 0 0 0 0 0 4 0 0 0 0 0 0 0 0 0 1 0
w 62 0 0 0 110 0 0 113 67 0 0 0 0 17 69 0 0 2 3 1 0 0 0 0 0 0
x 2 0 1 0 5 0 0 0 1 0 0 0 0 0 0 5 0 0 0 12 0 0 0 0 0 0
y 1 1 0 0 19 0 0 0 5 0 0 0 0 1 89 1 0 0 11 2 0 0 0 0 0 0
z 0 0 0 0 2 0 0 0 0 0 0 0 0 0 0 0 0 0 0 0 0 0 0 0 0 0
